=======these are the list of my imei=======

==LIST-1==

355626052070011
355626052070763
355626052070089
355626052070000
355626052070674
355626052070067
355626052070019
355626052070010
355626052070056
355626052070083
355626052070038
355626052070093
355626052070042
355626052070034
355626052070908
355626052070490
355626052070230
355626052070819
355626052070754
355626052070098
355626052070835
355626052070987
355626052070287
355626052070976
355626052070065
355626052070543
355626052070896
355626052070785
355626052070865
355626052070097
355626052079865
355626052070936
355626052070976
355626052070098
355626052070784
355626052070976
355626052070889
355626052070366
355626052070666
355626052070897
355626052070091

==LIST-2==

355626052070976
355626052070065
355626052070543
355626052070896
355626052070785
355626052070865
355626052070097
355626052079865
355626052070936
355626052070976
355626052070098
355626052070784
355626052070976
355626052070889
355626052070366
355626052070666
355626052070897
355626052070091

==LIST-3==

911323000413221
911323000413111
911323000413113
911323000413432
911323000665332
911323000552312
911323000095958
911323000332546
358265010779665
358265016799402
358265015739151
358265012799638
358265017779692
358265016779230
358265010789508
358265013749921
358265017749240
358265019759932
358265014779323
358265012719271
358265016729466
358265017799013
358265010779178
358265017739480
358265011789853
358265018769114
358265016799766
358265014729559
358265017749109
358265014779877
358265015749291
358265017789550
358265012769474

==%100==

91613601946252
91613606093753

91610550668267
91610550668275

911541650277685
911541650277693

=============END LIST===========================BY YASIN=============
